[gd_scene format=3 uid="uid://bvtjh3wkdtbl2"]

[ext_resource type="Script" uid="uid://6pcmr5sv6tqh" path="res://escena_prototipos/pista_1.gd" id="1_lic63"]
[ext_resource type="Texture2D" uid="uid://ylaogtl7p63" path="res://escena_prototipos/textura_prototipo/texture_04.png" id="1_wrpun"]
[ext_resource type="Script" uid="uid://wbtv5svxcrql" path="res://escenas/sistema_checkpoints.gd" id="3_lvrqt"]

[sub_resource type="Curve3D" id="Curve3D_0gflj"]
closed = true
_data = {
"points": PackedVector3Array(-55.34778, 0, -23.06157, 55.34778, 0, 23.06157, -205.7092, 0, -151.74512, -59.960022, 0, -5.5347595, 59.960022, 0, 5.5347595, -38.74341, 0, -196.94579, -55.34778, 0, 1.8449402, 55.34778, 0, -1.8449402, 60.88257, 0, -115.76908, -77.48688, 0, -1.8449249, 77.48688, 0, 1.8449249, 248.14246, 0, -157.27989, -37.820923, 0, -47.968063, 37.820923, 0, 47.968063, 416.0307, 0, -107.4669, 67.33978, 0, -38.74344, -67.33978, 0, 38.74344, 399.4264, 0, 148.05527, 25.82898, 0, -135.60204, -25.82898, 0, 135.60204, 141.13678, 0, 222.77473, 83.232864, 11.228485, 87.18594, -83.232864, -11.228485, -87.18594, -96.97016, 22.018646, 336.60428, 40.58835, 0, 50.735474, -40.58835, 0, -50.735474, -115.30786, 0, 92.70752, 58.115143, 0, 29.518812, -58.115143, 0, -29.518812, -362.52786, 0, 29.980043, -11.069519, 0, 71.95209, 11.069519, 0, -71.95209, -404.96118, 0, -126.83862, -59.037598, 0, 3.6898499, 59.037598, 0, -3.6898499, -306.25766, 0, -250.44862),
"tilts": PackedFloat32Array(0, 0, 0, 0, 0, 0, 0, 0, 0, 0, 0, 0)
}
point_count = 12

[sub_resource type="StandardMaterial3D" id="StandardMaterial3D_lic63"]
albedo_texture = ExtResource("1_wrpun")

[node name="Pista 1" type="Node3D" unique_id=1640144455]
script = ExtResource("1_lic63")

[node name="Path3D" type="Path3D" parent="." unique_id=525621840]
curve = SubResource("Curve3D_0gflj")

[node name="Pista" type="CSGPolygon3D" parent="Path3D" unique_id=196238012]
unique_name_in_owner = true
use_collision = true
polygon = PackedVector2Array(0, 0.5, 20, 0.5, 20, 0, 0, 0)
mode = 2
path_node = NodePath("..")
path_interval_type = 0
path_interval = 1.0
path_simplify_angle = 0.0
path_rotation = 2
path_rotation_accurate = true
path_local = true
path_continuous_u = true
path_u_distance = 6.23
path_joined = false
material = SubResource("StandardMaterial3D_lic63")

[node name="Bordes" type="CSGPolygon3D" parent="Path3D" unique_id=1179690992]
use_collision = true
polygon = PackedVector2Array(-1, 0, 0, 0, 0, 2, -1, 2)
mode = 2
path_node = NodePath("..")
path_interval_type = 0
path_interval = 1.0
path_simplify_angle = 0.0
path_rotation = 2
path_rotation_accurate = false
path_local = true
path_continuous_u = true
path_u_distance = 1.0
path_joined = false

[node name="Bordes2" type="CSGPolygon3D" parent="Path3D" unique_id=430771353]
use_collision = true
polygon = PackedVector2Array(20, 0, 21, 0, 21, 2, 20, 2)
mode = 2
path_node = NodePath("..")
path_interval_type = 0
path_interval = 1.0
path_simplify_angle = 0.0
path_rotation = 2
path_rotation_accurate = false
path_local = true
path_continuous_u = true
path_u_distance = 1.0
path_joined = false

[node name="SistemaCheckpoints" type="Node3D" parent="." unique_id=372708231]
script = ExtResource("3_lvrqt")
cantidad_checkpoints = 5
tipo = 1
ancho = 20.0
metadata/_custom_type_script = "uid://wbtv5svxcrql"

[node name="Largada" type="Area3D" parent="SistemaCheckpoints" unique_id=2054275155]
transform = Transform3D(-0.3846153, 0, -0.923077, 0, 1, 0, 0.923077, 0, -0.3846153, -209.55534, 4, -142.51434)

[node name="Checkpoint1" type="Area3D" parent="SistemaCheckpoints" unique_id=759354552]
transform = Transform3D(0.26653963, -0.0030885073, -0.9638191, 0.0115866475, 0.9999329, 3.453714e-10, 0.96375436, -0.01116743, 0.26655754, 179.72258, 4.1158667, -138.00061)

[node name="Checkpoint2" type="Area3D" parent="SistemaCheckpoints" unique_id=1681476823]
transform = Transform3D(-0.98546743, 0.022841126, 0.16832224, 0.02317174, 0.99973154, 2.3679078e-10, -0.16827704, 0.003900319, -0.9857321, 433.5559, 4.2317176, 66.38837)

[node name="Checkpoint3" type="Area3D" parent="SistemaCheckpoints" unique_id=1776684296]
transform = Transform3D(-0.93260133, 0.04553235, 0.3580245, 0.030321715, 0.9983876, -0.047987938, -0.3596322, -0.0338977, -0.9324782, 120.3193, 5.3281436, 259.77368)

[node name="@Area3D@24074" type="Area3D" parent="SistemaCheckpoints" unique_id=606262654]
transform = Transform3D(0.97086054, 0.013768397, -0.23924944, 0.008272697, 0.9958277, 0.09087831, 0.23950246, -0.0902094, 0.96669585, -112.5944, 10.946524, 204.07593)

[node name="@Area3D@24076" type="Area3D" parent="SistemaCheckpoints" unique_id=21447730]
transform = Transform3D(0.9333965, 0.010814423, 0.35868382, -0.01158532, 0.9999329, 3.125278e-14, -0.35865974, -0.004155467, 0.93345916, -395.4672, 3.8841467, -18.220238)
